00SMSBREAK07052021171758CCEN
01CCEN16052021 
02091101240
02092649240
02094308240
02101218240
02102646240
02104225240
02110950240
02112646240
02114237240
02121109240
02122645240
02124522240
02130948240
02132651240
02134323240
02140802240
02142700240
02144311240
02151228240
02152706240
02154251240
02161042240
02162722240
02164427240
02171016240
02172709240
02174252240
02181413240
02182714240
02184437240
02192603360
02195143360
02201907360
02205159360
02211855360
02214836360
02222015360
02225203360
02231831360
02234747360
02241451360
02243918360
02252209240
02253753240
02255324240
02262039240
02263647240
02265200240
09CCEN1605202100000050
01ART116052021 
02091101240
02092649240
02094308240
02101218240
02102646240
02104225240
02110950240
02112646240
02114237240
02121109240
02122645240
02124522240
02130948240
02132651240
02134323240
02140802240
02142700240
02144311240
02151228240
02152706240
02154251240
02161042240
02162722240
02164427240
02171016240
02172709240
02174252240
02181413240
02182714240
02184437240
02192603360
02195143360
02201907360
02205159360
02211855360
02214836360
02222015360
02225203360
02231831360
02234747360
02241451360
02243918360
02252209240
02253753240
02255324240
02262039240
02263647240
02265200240
09ART11605202100000050
01ATRA16052021 
02091101240
02092649240
02094308240
02101218240
02102646240
02104225240
02110950240
02112646240
02114237240
02121109240
02122645240
02124522240
02130948240
02132651240
02134323240
02140802240
02142700240
02144311240
02151228240
02152706240
02154251240
02161042240
02162722240
02164427240
02171016240
02172709240
02174252240
02181413240
02182714240
02184437240
02192603360
02195143360
02201907360
02205159360
02211855360
02214836360
02222015360
02225203360
02231831360
02234747360
02241451360
02243918360
02252209240
02253753240
02255324240
02262039240
02263647240
02265200240
09ATRA1605202100000050
01ATRE16052021 
02091101240
02092649240
02094308240
02101218240
02102646240
02104225240
02110950240
02112646240
02114237240
02121109240
02122645240
02124522240
02130948240
02132651240
02134323240
02140802240
02142700240
02144311240
02151228240
02152706240
02154251240
02161042240
02162722240
02164427240
02171016240
02172709240
02174252240
02181413240
02182714240
02184437240
02192603360
02195143360
02201907360
02205159360
02211855360
02214836360
02222015360
02225203360
02231831360
02234747360
02241451360
02243918360
02252209240
02253753240
02255324240
02262039240
02263647240
02265200240
09ATRE1605202100000050
01CHHD16052021 
02091101240
02092649240
02094308240
02101218240
02102646240
02104225240
02110950240
02112646240
02114237240
02121109240
02122645240
02124522240
02130948240
02132651240
02134323240
02140802240
02142700240
02144311240
02151228240
02152706240
02154251240
02161042240
02162722240
02164427240
02171016240
02172709240
02174252240
02181413240
02182714240
02184437240
02192603360
02195143360
02201907360
02205159360
02211855360
02214836360
02222015360
02225203360
02231831360
02234747360
02241451360
02243918360
02252209240
02253753240
02255324240
02262039240
02263647240
02265200240
09CHHD1605202100000050
01MHIN16052021 
02091101240
02092649240
02094308240
02101218240
02102646240
02104225240
02110950240
02112646240
02114237240
02121109240
02122645240
02124522240
02130948240
02132651240
02134323240
02140802240
02142700240
02144311240
02151228240
02152706240
02154251240
02161042240
02162722240
02164427240
02171016240
02172709240
02174252240
02181413240
02182714240
02184437240
02192603360
02195143360
02201907360
02205159360
02211855360
02214836360
02222015360
02225203360
02231831360
02234747360
02241451360
02243918360
02252209240
02253753240
02255324240
02262039240
02263647240
02265200240
09MHIN1605202100000050
01MHSF16052021 
02091101240
02092649240
02094308240
02101218240
02102646240
02104225240
02110950240
02112646240
02114237240
02121109240
02122645240
02124522240
02130948240
02132651240
02134323240
02140802240
02142700240
02144311240
02151228240
02152706240
02154251240
02161042240
02162722240
02164427240
02171016240
02172709240
02174252240
02181413240
02182714240
02184437240
02192603360
02195143360
02201907360
02205159360
02211855360
02214836360
02222015360
02225203360
02231831360
02234747360
02241451360
02243918360
02252209240
02253753240
02255324240
02262039240
02263647240
02265200240
09MHSF1605202100000050
01MTVH16052021 
02091101240
02092649240
02094308240
02101218240
02102646240
02104225240
02110950240
02112646240
02114237240
02121109240
02122645240
02124522240
02130948240
02132651240
02134323240
02140802240
02142700240
02144311240
02151228240
02152706240
02154251240
02161042240
02162722240
02164427240
02171016240
02172709240
02174252240
02181413240
02182714240
02184437240
02192603360
02195143360
02201907360
02205159360
02211855360
02214836360
02222015360
02225203360
02231831360
02234747360
02241451360
02243918360
02252209240
02253753240
02255324240
02262039240
02263647240
02265200240
09MTVH1605202100000050
01S01216052021 
02091101240
02092649240
02094308240
02101218240
02102646240
02104225240
02110950240
02112646240
02114237240
02121109240
02122645240
02124522240
02130948240
02132651240
02134323240
02140802240
02142700240
02144311240
02151228240
02152706240
02154251240
02161042240
02162722240
02164427240
02171016240
02172709240
02174252240
02181413240
02182714240
02184437240
02192603360
02195143360
02201907360
02205159360
02211855360
02214836360
02222015360
02225203360
02231831360
02234747360
02241451360
02243918360
02252209240
02253753240
02255324240
02262039240
02263647240
02265200240
09S0121605202100000050
01SKR316052021 
02091101240
02092649240
02094308240
02101218240
02102646240
02104225240
02110950240
02112646240
02114237240
02121109240
02122645240
02124522240
02130948240
02132651240
02134323240
02140802240
02142700240
02144311240
02151228240
02152706240
02154251240
02161042240
02162722240
02164427240
02171016240
02172709240
02174252240
02181413240
02182714240
02184437240
02192603360
02195143360
02201907360
02205159360
02211855360
02214836360
02222015360
02225203360
02231831360
02234747360
02241451360
02243918360
02252209240
02253753240
02255324240
02262039240
02263647240
02265200240
09SKR31605202100000050
013DTV16052021 
02091101240
02092649240
02094308240
02101218240
02102646240
02104225240
02110950240
02112646240
02114237240
02121109240
02122645240
02124522240
02130948240
02132651240
02134323240
02140802240
02142700240
02144311240
02151228240
02152706240
02154251240
02161042240
02162722240
02164427240
02171016240
02172709240
02174252240
02181413240
02182714240
02184437240
02192603360
02195143360
02201907360
02205159360
02211855360
02214836360
02222015360
02225203360
02231831360
02234747360
02241451360
02243918360
02252209240
02253753240
02255324240
02262039240
02263647240
02265200240
093DTV1605202100000050
01AAJT16052021 
02091101240
02092649240
02094308240
02101218240
02102646240
02104225240
02110950240
02112646240
02114237240
02121109240
02122645240
02124522240
02130948240
02132651240
02134323240
02140802240
02142700240
02144311240
02151228240
02152706240
02154251240
02161042240
02162722240
02164427240
02171016240
02172709240
02174252240
02181413240
02182714240
02184437240
02192603360
02195143360
02201907360
02205159360
02211855360
02214836360
02222015360
02225203360
02231831360
02234747360
02241451360
02243918360
02252209240
02253753240
02255324240
02262039240
02263647240
02265200240
09AAJT1605202100000050
01ABNT16052021 
02091101240
02092649240
02094308240
02101218240
02102646240
02104225240
02110950240
02112646240
02114237240
02121109240
02122645240
02124522240
02130948240
02132651240
02134323240
02140802240
02142700240
02144311240
02151228240
02152706240
02154251240
02161042240
02162722240
02164427240
02171016240
02172709240
02174252240
02181413240
02182714240
02184437240
02192603360
02195143360
02201907360
02205159360
02211855360
02214836360
02222015360
02225203360
02231831360
02234747360
02241451360
02243918360
02252209240
02253753240
02255324240
02262039240
02263647240
02265200240
09ABNT1605202100000050
01ANDT16052021 
02091101240
02092649240
02094308240
02101218240
02102646240
02104225240
02110950240
02112646240
02114237240
02121109240
02122645240
02124522240
02130948240
02132651240
02134323240
02140802240
02142700240
02144311240
02151228240
02152706240
02154251240
02161042240
02162722240
02164427240
02171016240
02172709240
02174252240
02181413240
02182714240
02184437240
02192603360
02195143360
02201907360
02205159360
02211855360
02214836360
02222015360
02225203360
02231831360
02234747360
02241451360
02243918360
02252209240
02253753240
02255324240
02262039240
02263647240
02265200240
09ANDT1605202100000050
01APLU16052021 
02091101240
02092649240
02094308240
02101218240
02102646240
02104225240
02110950240
02112646240
02114237240
02121109240
02122645240
02124522240
02130948240
02132651240
02134323240
02140802240
02142700240
02144311240
02151228240
02152706240
02154251240
02161042240
02162722240
02164427240
02171016240
02172709240
02174252240
02181413240
02182714240
02184437240
02192603360
02195143360
02201907360
02205159360
02211855360
02214836360
02222015360
02225203360
02231831360
02234747360
02241451360
02243918360
02252209240
02253753240
02255324240
02262039240
02263647240
02265200240
09APLU1605202100000050
01AROI16052021 
02091101240
02092649240
02094308240
02101218240
02102646240
02104225240
02110950240
02112646240
02114237240
02121109240
02122645240
02124522240
02130948240
02132651240
02134323240
02140802240
02142700240
02144311240
02151228240
02152706240
02154251240
02161042240
02162722240
02164427240
02171016240
02172709240
02174252240
02181413240
02182714240
02184437240
02192603360
02195143360
02201907360
02205159360
02211855360
02214836360
02222015360
02225203360
02231831360
02234747360
02241451360
02243918360
02252209240
02253753240
02255324240
02262039240
02263647240
02265200240
09AROI1605202100000050
01ART516052021 
02091101240
02092649240
02094308240
02101218240
02102646240
02104225240
02110950240
02112646240
02114237240
02121109240
02122645240
02124522240
02130948240
02132651240
02134323240
02140802240
02142700240
02144311240
02151228240
02152706240
02154251240
02161042240
02162722240
02164427240
02171016240
02172709240
02174252240
02181413240
02182714240
02184437240
02192603360
02195143360
02201907360
02205159360
02211855360
02214836360
02222015360
02225203360
02231831360
02234747360
02241451360
02243918360
02252209240
02253753240
02255324240
02262039240
02263647240
02265200240
09ART51605202100000050
01ARYF16052021 
02091101240
02092649240
02094308240
02101218240
02102646240
02104225240
02110950240
02112646240
02114237240
02121109240
02122645240
02124522240
02130948240
02132651240
02134323240
02140802240
02142700240
02144311240
02151228240
02152706240
02154251240
02161042240
02162722240
02164427240
02171016240
02172709240
02174252240
02181413240
02182714240
02184437240
02192603360
02195143360
02201907360
02205159360
02211855360
02214836360
02222015360
02225203360
02231831360
02234747360
02241451360
02243918360
02252209240
02253753240
02255324240
02262039240
02263647240
02265200240
09ARYF1605202100000050
01ATNB16052021 
02091101240
02092649240
02094308240
02101218240
02102646240
02104225240
02110950240
02112646240
02114237240
02121109240
02122645240
02124522240
02130948240
02132651240
02134323240
02140802240
02142700240
02144311240
02151228240
02152706240
02154251240
02161042240
02162722240
02164427240
02171016240
02172709240
02174252240
02181413240
02182714240
02184437240
02192603360
02195143360
02201907360
02205159360
02211855360
02214836360
02222015360
02225203360
02231831360
02234747360
02241451360
02243918360
02252209240
02253753240
02255324240
02262039240
02263647240
02265200240
09ATNB1605202100000050
01ATRB16052021 
02091101240
02092649240
02094308240
02101218240
02102646240
02104225240
02110950240
02112646240
02114237240
02121109240
02122645240
02124522240
02130948240
02132651240
02134323240
02140802240
02142700240
02144311240
02151228240
02152706240
02154251240
02161042240
02162722240
02164427240
02171016240
02172709240
02174252240
02181413240
02182714240
02184437240
02192603360
02195143360
02201907360
02205159360
02211855360
02214836360
02222015360
02225203360
02231831360
02234747360
02241451360
02243918360
02252209240
02253753240
02255324240
02262039240
02263647240
02265200240
09ATRB1605202100000050
01ATRC16052021 
02091101240
02092649240
02094308240
02101218240
02102646240
02104225240
02110950240
02112646240
02114237240
02121109240
02122645240
02124522240
02130948240
02132651240
02134323240
02140802240
02142700240
02144311240
02151228240
02152706240
02154251240
02161042240
02162722240
02164427240
02171016240
02172709240
02174252240
02181413240
02182714240
02184437240
02192603360
02195143360
02201907360
02205159360
02211855360
02214836360
02222015360
02225203360
02231831360
02234747360
02241451360
02243918360
02252209240
02253753240
02255324240
02262039240
02263647240
02265200240
09ATRC1605202100000050
01B4MO16052021 
02091101240
02092649240
02094308240
02101218240
02102646240
02104225240
02110950240
02112646240
02114237240
02121109240
02122645240
02124522240
02130948240
02132651240
02134323240
02140802240
02142700240
02144311240
02151228240
02152706240
02154251240
02161042240
02162722240
02164427240
02171016240
02172709240
02174252240
02181413240
02182714240
02184437240
02192603360
02195143360
02201907360
02205159360
02211855360
02214836360
02222015360
02225203360
02231831360
02234747360
02241451360
02243918360
02252209240
02253753240
02255324240
02262039240
02263647240
02265200240
09B4MO1605202100000050
01B4MU16052021 
02091101240
02092649240
02094308240
02101218240
02102646240
02104225240
02110950240
02112646240
02114237240
02121109240
02122645240
02124522240
02130948240
02132651240
02134323240
02140802240
02142700240
02144311240
02151228240
02152706240
02154251240
02161042240
02162722240
02164427240
02171016240
02172709240
02174252240
02181413240
02182714240
02184437240
02192603360
02195143360
02201907360
02205159360
02211855360
02214836360
02222015360
02225203360
02231831360
02234747360
02241451360
02243918360
02252209240
02253753240
02255324240
02262039240
02263647240
02265200240
09B4MU1605202100000050
01B4TV16052021 
02091101240
02092649240
02094308240
02101218240
02102646240
02104225240
02110950240
02112646240
02114237240
02121109240
02122645240
02124522240
02130948240
02132651240
02134323240
02140802240
02142700240
02144311240
02151228240
02152706240
02154251240
02161042240
02162722240
02164427240
02171016240
02172709240
02174252240
02181413240
02182714240
02184437240
02192603360
02195143360
02201907360
02205159360
02211855360
02214836360
02222015360
02225203360
02231831360
02234747360
02241451360
02243918360
02252209240
02253753240
02255324240
02262039240
02263647240
02265200240
09B4TV1605202100000050
01BASE16052021 
02091101240
02092649240
02094308240
02101218240
02102646240
02104225240
02110950240
02112646240
02114237240
02121109240
02122645240
02124522240
02130948240
02132651240
02134323240
02140802240
02142700240
02144311240
02151228240
02152706240
02154251240
02161042240
02162722240
02164427240
02171016240
02172709240
02174252240
02181413240
02182714240
02184437240
02192603360
02195143360
02201907360
02205159360
02211855360
02214836360
02222015360
02225203360
02231831360
02234747360
02241451360
02243918360
02252209240
02253753240
02255324240
02262039240
02263647240
02265200240
09BASE1605202100000050
01BETV16052021 
02091101240
02092649240
02094308240
02101218240
02102646240
02104225240
02110950240
02112646240
02114237240
02121109240
02122645240
02124522240
02130948240
02132651240
02134323240
02140802240
02142700240
02144311240
02151228240
02152706240
02154251240
02161042240
02162722240
02164427240
02171016240
02172709240
02174252240
02181413240
02182714240
02184437240
02192603360
02195143360
02201907360
02205159360
02211855360
02214836360
02222015360
02225203360
02231831360
02234747360
02241451360
02243918360
02252209240
02253753240
02255324240
02262039240
02263647240
02265200240
09BETV1605202100000050
01BIKE16052021 
02091101240
02092649240
02094308240
02101218240
02102646240
02104225240
02110950240
02112646240
02114237240
02121109240
02122645240
02124522240
02130948240
02132651240
02134323240
02140802240
02142700240
02144311240
02151228240
02152706240
02154251240
02161042240
02162722240
02164427240
02171016240
02172709240
02174252240
02181413240
02182714240
02184437240
02192603360
02195143360
02201907360
02205159360
02211855360
02214836360
02222015360
02225203360
02231831360
02234747360
02241451360
02243918360
02252209240
02253753240
02255324240
02262039240
02263647240
02265200240
09BIKE1605202100000050
01BUZM16052021 
02091101240
02092649240
02094308240
02101218240
02102646240
02104225240
02110950240
02112646240
02114237240
02121109240
02122645240
02124522240
02130948240
02132651240
02134323240
02140802240
02142700240
02144311240
02151228240
02152706240
02154251240
02161042240
02162722240
02164427240
02171016240
02172709240
02174252240
02181413240
02182714240
02184437240
02192603360
02195143360
02201907360
02205159360
02211855360
02214836360
02222015360
02225203360
02231831360
02234747360
02241451360
02243918360
02252209240
02253753240
02255324240
02262039240
02263647240
02265200240
09BUZM1605202100000050
01CAKA16052021 
02091101240
02092649240
02094308240
02101218240
02102646240
02104225240
02110950240
02112646240
02114237240
02121109240
02122645240
02124522240
02130948240
02132651240
02134323240
02140802240
02142700240
02144311240
02151228240
02152706240
02154251240
02161042240
02162722240
02164427240
02171016240
02172709240
02174252240
02181413240
02182714240
02184437240
02192603360
02195143360
02201907360
02205159360
02211855360
02214836360
02222015360
02225203360
02231831360
02234747360
02241451360
02243918360
02252209240
02253753240
02255324240
02262039240
02263647240
02265200240
09CAKA1605202100000050
01CBRI16052021 
02091101240
02092649240
02094308240
02101218240
02102646240
02104225240
02110950240
02112646240
02114237240
02121109240
02122645240
02124522240
02130948240
02132651240
02134323240
02140802240
02142700240
02144311240
02151228240
02152706240
02154251240
02161042240
02162722240
02164427240
02171016240
02172709240
02174252240
02181413240
02182714240
02184437240
02192603360
02195143360
02201907360
02205159360
02211855360
02214836360
02222015360
02225203360
02231831360
02234747360
02241451360
02243918360
02252209240
02253753240
02255324240
02262039240
02263647240
02265200240
09CBRI1605202100000050
9900001502
